image_width: 640
image_height: 480
camera_name: head_camera
camera_matrix:
  rows: 3
  cols: 3
  data: [530.0209803541096, 0, 314.6111575598102, 0, 529.8981709625571, 265.6956752531768, 0, 0, 1]
distortion_model: plumb_bob
distortion_coefficients:
  rows: 1
  cols: 5
  data: [0.0115826290815515, -0.1424046390890178, 0.03065724102625946, 0.0001954542904077437, 0]
rectification_matrix:
  rows: 3
  cols: 3
  data: [1, 0, 0, 0, 1, 0, 0, 0, 1]
projection_matrix:
  rows: 3
  cols: 4
  data: [525.9034659871668, 0, 313.747642454904, 0, 0, 519.9081604233438, 276.4498964781748, 0, 0, 0, 1, 0]
